Downloading and preparing dataset csv/default to /home/ubuntu/.cache/huggingface/datasets/csv/default-08e963c585f9f790/0.0.0/6954658bab30a358235fa864b05cf819af0e179325c740e4bc853bcc7ec513e1...
Dataset csv downloaded and prepared to /home/ubuntu/.cache/huggingface/datasets/csv/default-08e963c585f9f790/0.0.0/6954658bab30a358235fa864b05cf819af0e179325c740e4bc853bcc7ec513e1. Subsequent calls will reuse this data.
{'encoder_input_ids': tensor([250003,  33436,     68,  72537, 117257,    224,  65056,  32547,      7,
         70615,    165,    224,     62,  13017,   8345,  70615,     22,     18,
          5165,    122, 150207,     86,     13, 130431,      7,  70615,      5,
             2,      1,      1,      1,      1,      1,      1,      1,      1,
             1,      1,      1,      1,      1,      1,      1,      1,      1,
             1,      1,      1,      1,      1,      1,      1,      1,      1,
             1,      1,      1,      1,      1,      1,      1,      1,      1,
             1,      1,      1,      1,      1,      1,      1,      1,      1,
             1,      1,      1,      1,      1,      1,      1,      1,      1,
             1,      1,      1,      1,      1,      1,      1,      1,      1,
             1,      1,      1,      1,      1,      1,      1,      1,      1,
             1,      1,      1,      1,      1,      1,      1,      1,      1,
             1,      1,      1,      1,      1,      1,      1,      1,      1,
             1,      1,      1,      1,      1,      1,      1,      1,      1,
             1,      1], dtype=torch.int32), 'encoder_attention_mask': tensor([1, 1, 1, 1, 1, 1, 1, 1, 1, 1, 1, 1, 1, 1, 1, 1, 1, 1, 1, 1, 1, 1, 1, 1,
        1, 1, 1, 1, 0, 0, 0, 0, 0, 0, 0, 0, 0, 0, 0, 0, 0, 0, 0, 0, 0, 0, 0, 0,
        0, 0, 0, 0, 0, 0, 0, 0, 0, 0, 0, 0, 0, 0, 0, 0, 0, 0, 0, 0, 0, 0, 0, 0,
        0, 0, 0, 0, 0, 0, 0, 0, 0, 0, 0, 0, 0, 0, 0, 0, 0, 0, 0, 0, 0, 0, 0, 0,
        0, 0, 0, 0, 0, 0, 0, 0, 0, 0, 0, 0, 0, 0, 0, 0, 0, 0, 0, 0, 0, 0, 0, 0,
        0, 0, 0, 0, 0, 0, 0, 0], dtype=torch.int32), 'decoder_input_ids': tensor([250003, 250054, 150207,     86,     13, 130431,      7,  70615,     22,
            18,   5165,   3471,     68, 184748,  14568,    745,  65056,  32547,
             7,  70615,    165,    745,     62,  13017,   8345,  70615,      5,
             2,      1,      1,      1,      1,      1,      1,      1,      1,
             1,      1,      1,      1,      1,      1,      1,      1,      1,
             1,      1,      1,      1,      1,      1,      1,      1,      1,
             1,      1,      1,      1,      1,      1,      1,      1,      1,
             1,      1,      1,      1,      1,      1,      1,      1,      1,
             1,      1,      1,      1,      1,      1,      1,      1,      1,
             1,      1,      1,      1,      1,      1,      1,      1,      1,
             1,      1,      1,      1,      1,      1,      1,      1,      1,
             1,      1,      1,      1,      1,      1,      1,      1,      1,
             1,      1,      1,      1,      1,      1,      1,      1,      1,
             1,      1,      1,      1,      1,      1,      1,      1,      1,
             1,      1], dtype=torch.int32), 'decoder_attention_mask': tensor([1, 1, 1, 1, 1, 1, 1, 1, 1, 1, 1, 1, 1, 1, 1, 1, 1, 1, 1, 1, 1, 1, 1, 1,
        1, 1, 1, 1, 0, 0, 0, 0, 0, 0, 0, 0, 0, 0, 0, 0, 0, 0, 0, 0, 0, 0, 0, 0,
        0, 0, 0, 0, 0, 0, 0, 0, 0, 0, 0, 0, 0, 0, 0, 0, 0, 0, 0, 0, 0, 0, 0, 0,
        0, 0, 0, 0, 0, 0, 0, 0, 0, 0, 0, 0, 0, 0, 0, 0, 0, 0, 0, 0, 0, 0, 0, 0,
        0, 0, 0, 0, 0, 0, 0, 0, 0, 0, 0, 0, 0, 0, 0, 0, 0, 0, 0, 0, 0, 0, 0, 0,
        0, 0, 0, 0, 0, 0, 0, 0], dtype=torch.int32), 'decoder_labels': tensor([-100, -100, -100, -100, -100, -100, -100, -100, -100, -100, -100, -100,
        -100, -100, -100, -100, -100, -100, -100, -100, -100, -100, -100, -100,
        -100, -100, -100, -100, -100, -100, -100, -100, -100, -100, -100, -100,
        -100, -100, -100, -100, -100, -100, -100, -100, -100, -100, -100, -100,
        -100, -100, -100, -100, -100, -100, -100, -100, -100, -100, -100, -100,
        -100, -100, -100, -100, -100, -100, -100, -100, -100, -100, -100, -100,
        -100, -100, -100, -100, -100, -100, -100, -100, -100, -100, -100, -100,
        -100, -100, -100, -100, -100, -100, -100, -100, -100, -100, -100, -100,
        -100, -100, -100, -100, -100, -100, -100, -100, -100, -100, -100, -100,
        -100, -100, -100, -100, -100, -100, -100, -100, -100, -100, -100, -100,
        -100, -100, -100, -100, -100, -100, -100, -100], dtype=torch.int32), 'cls_label': tensor(1, dtype=torch.int32)}
